50 45
33 2 1 50
1 2 13 15
3 1 1
4 1 3
5 1 4
6 1 2
7 1 5
9 1 3
10 1 1
11 2 3 6
12 3 5 8 9
14 2 6 12
16 1 12
17 3 13 14 15
18 2 6 9
19 3 1 9 17
2 1 1
22 2 6 9
23 4 12 17 20 22
24 11 1 3 7 9 11 12 13 14 16 19 20
25 3 7 17 23
26 1 18
27 4 3 12 16 18
28 2 22 23
29 5 1 4 12 18 21
30 5 11 15 16 28 19
31 2 13 21
32 5 3 14 20 26 27
34 5 1 5 25 26 27
35 4 3 8 9 23
36 2 3 14
37 5 1 3 18 28 35
38 6 10 12 16 20 35 36
39 5 2 17 18 19 29
40 8 4 8 15 24 27 28 29 37
41 6 1 10 15 17 27 35
42 6 3 5 6 27 31 41
43 5 19 20 30 34 35
44 3 7 32 42
45 4 14 20 38 42
46 3 12 16 40
47 4 3 10 17 35
48 8 8 11 12 15 17 22 26 27
49 5 10 13 29 41 48
50 4 10 36 43 46