100 65
95 48 6 2 78 71 47 43 86 82 81 64 66 20 28 21 25 18 12 19 30 37 90 97 94
41 6 6 74 76 72
66 1 7 2 70 76 75 47
85 1 8 74 78 76 72 75
14 40 7 8 2 9 5 73 75 48 42 41 49 80 88 86 60 64 63 24 22 25
21 72 1 70 77 73 75 47 48 41 49 87 83 89 85 66 63
82 77 7 4 6 70 78 72 73 47 44 48 46
69 73 8 2 1 5 70 77 74 76 47 45 87 84 88 86 89 67 63
81 70 6 2 70 74 76 72 79 75 48 46
17 73 2 1 72 44 48 43 87 83 85 68 65 20 27 26 23 29 10
23 74 1 70 72 71 75 46 42 45 87 84 88 81
42 1 1 70 78 71 40 47
26 71 7 2 1 70 74 72 75 44 48 43 49 82 89 85 60 62
38 47 4 2 72 73 42 43 88 85 60 64 66 61 69 65 28 21 29 25 14 13 30
49 9 8 2 1 78 76 72 75 44
96 43 4 6 3 5 74 79 75 40 44 48 46 49 87 86 89 64 68 63 21 29 14 16 15 30 32 35 90
29 74 1 9 74 71 40 49 87 88 82 83 89 67
89 3 1 77 74 76 72 79 44
36 42 8 1 3 5 74 76 71 73 79 44 46 41 43 87 83 60 68 62 69 22 23 25 18 19 15
12 78 8 3 70 77 46 42 41 87 66 62 24 28 29
35 43 7 4 9 5 70 76 40 47 44 43 87 82 62 61 65 20 27 24 26 22 29 17 14 18 16 13 34
86 3 4 3 5 78 71 79 47
87 1 6 72 71 75 47 48
93 41 70 78 47 46 42 45 80 87 88 82 60 66 62 63 20 24 22 21 25 10 16 15 30 38 39 94
84 2 1 70 78 47 46
97 75 4 9 77 76 46 43 82 81 89 64 68 66 62 63 10 14 16 11 15
91 47 4 72 79 44 49 45 85 67 66 62 63 65 26 14 13 19 15 30 36 33 94
15 44 7 8 6 3 5 70 78 71 79 75 44 43 86 82 60 64 68 66 65 27 23 29
25 70 5 40 49 84 88 89 85 67 61 63
83 70 6 9 70 74 76 72 79 75 40 47
11 44 8 5 70 77 76 71 73 41 49 88 86 81 85 60 67 66 61 63 24 28 26 29
34 47 4 2 3 76 40 48 49 80 87 84 88 85 60 68 63 27 26 21 29 16 12
62 5 2 3 5 70 77 78 72 73 46
54 40 8 6 3 5 77 74 79 64 66 62 27 24 17 16 11 37 38 33 98 95
88 9 2 5 70 74 78 76 71 48
65 72 7 4 1 3 9 76 47 41 43 45 87 82 89 85 62
80 3 8 2 1 9 70 76 71
63 70 7 2 1 9 70 76 71 79 75 48
10 70 74 78 47 48 49 82 83 89 67 62
24 40 8 3 9 70 77 72 75 46 42 45 87 88 86 82 81 89 60 64 68 62
37 74 40 48 42 43 80 82 68 61 27 22 21 10
98 44 4 78 71 44 46 42 43 45 80 85 66 20 26 10 18 12 30 37 38 36 39 97
60 7 71
94 48 4 77 76 73 40 48 46 42 82 85 62 24 26 22 23 25 16 13 19 30 31 35 97
64 9 1 3 74 71 73 79 75 47
13 47 8 6 2 76 72 73 75 48 87 84 88 60 64 68 61 65 27 24 21 29 10
90 47 2 70 74 71 75 40 48 46 42 49 84 82 81 61 69 65 29 25 17 14 18
61 9 4 5 77 78 72 40 47 48
20 77 6 2 70 46 42 41 49 87 83 61 63
32 75 4 5 70 76 79 42 45 87 83 66 62 65 24 22 17 18 11 15 38
28 78 2 1 9 77 79 75 47 80 82 85 68 66 61
16 72 8 9 72 79 75 46 41 86 85 64 66 63 69 22 10
67 3 6 78 76 71 79 40 48
19 77 7 4 2 70 77 40 41 86 82 21 25
27 75 6 2 1 3 74 72 71 73 47 44 42 41 49 88 81 89 60 64 62
22 75 8 9 5 77 79 75 40 42 41 45 80 87 86 83 60 68 66 62 63
18 79 9 40 46 43 84 88 86 82 85 60 61 69 65 27 24 28 26 23
39 42 4 8 2 1 3 9 5 75 46 43 80 87 84 88 86 89 85 64 61 22 21 23 14 18 37
50 41 4 8 2 9 76 72 47 41 80 87 86 82 81 64 68 69 28 22 29 17 14 18 11 30 34 31
30 70 71 73 75 44 45 88 89 27 22 29
99 46 9 5 70 77 78 75 47 46 42 49 45 83 89 85 64 66 65 27 26 10 15 36 33 97
33 75 4 8 2 3 70 76 48 41 43 86 62 69 29 25 10 17 15 30 38
43 3 8 2 77 78 76 71 44
68 3 5 77 78 73 40 47 44
45 5 6 2 3 77 78 73 47 44 48
