100 99
80 1 99
2 1 99
9 2 99 80
56 2 2 9
4 1 9
13 5 99 80 2 9 4
51 5 80 2 9 56 4
27 2 4 13
86 5 99 80 2 9 13
84 6 99 80 4 51 27 86
92 6 99 80 56 13 51 27
100 5 99 56 4 27 86
25 9 99 9 56 4 13 86 84 92 100
61 6 99 27 86 84 92 100
67 7 80 4 86 84 92 100 61
47 9 80 2 9 4 51 27 86 92 61
64 11 99 80 2 51 84 92 100 25 61 67 47
97 10 99 9 56 13 27 86 84 25 47 64
70 11 99 80 9 56 4 13 27 84 25 47 64
71 12 99 80 2 9 86 92 100 61 67 64 97 70
89 9 80 2 86 84 100 25 67 64 97
81 14 99 80 2 9 56 13 27 100 67 47 64 97 70 71
22 15 99 80 2 9 51 86 84 92 25 61 47 64 97 70 81
87 15 99 9 56 4 13 86 84 92 100 67 47 64 97 71 22
82 13 99 80 56 4 51 27 86 100 67 71 89 81 87
98 14 80 56 4 92 25 61 67 47 97 70 89 81 87 82
32 15 99 80 2 9 4 51 27 86 84 100 25 67 81 22 82
15 12 99 80 4 13 86 92 100 25 67 47 22 87
40 13 99 80 2 13 51 27 92 61 97 70 89 81 22
7 16 9 56 13 51 84 25 67 47 97 71 89 87 82 32 15 40
58 18 80 2 9 56 4 13 51 27 100 25 61 67 64 97 70 81 87 40
14 17 9 56 13 51 27 84 92 100 97 89 81 22 87 82 98 7 58
6 23 99 80 2 4 51 86 84 92 25 61 47 97 70 71 89 81 87 82 98 15 40 7 14
38 16 80 2 13 51 84 92 100 25 47 64 89 22 32 40 7 14
66 11 80 2 56 51 86 64 97 32 15 7 38
49 19 99 80 9 56 4 51 27 100 25 64 97 70 89 87 98 15 40 7 6
17 13 2 9 56 13 51 61 97 81 87 82 15 58 66
63 13 2 56 4 13 51 27 25 47 70 89 82 38 17
11 20 99 80 2 9 4 51 86 84 61 47 64 70 71 22 87 82 98 6 66 63
36 18 9 56 51 27 84 92 100 61 67 97 71 81 22 32 15 14 6 17
3 21 80 2 9 13 27 84 92 25 47 70 71 89 81 22 82 98 32 7 38 63 36
60 18 80 9 56 13 27 100 67 89 22 87 32 15 7 6 17 63 11 3
5 22 99 2 4 51 92 100 25 67 64 70 71 81 22 98 32 7 58 38 66 11 36 60
34 25 99 80 2 13 51 84 92 100 25 61 67 97 70 89 87 32 58 14 6 38 66 11 36 60 5
72 24 99 2 56 13 86 92 100 25 47 97 71 22 82 15 7 58 66 49 17 63 11 60 5 34
46 20 80 2 13 51 25 61 67 47 97 22 98 40 7 58 14 6 63 3 60 34
59 22 80 9 56 51 27 92 100 25 61 97 70 71 81 32 58 14 66 17 63 60 72 46
33 17 51 27 84 25 61 47 81 22 98 58 38 66 17 36 3 34 46
94 22 99 56 4 13 27 84 92 25 61 97 70 71 89 81 6 38 49 63 11 3 34 33
23 25 80 56 51 84 100 61 67 47 64 97 70 81 22 87 82 98 32 40 49 17 11 36 34 46 59
74 27 99 2 9 56 51 86 84 25 61 97 81 22 87 98 32 7 6 66 49 17 11 3 5 34 72 59 94
88 31 80 2 9 27 92 100 25 61 67 47 64 70 81 22 87 82 98 15 7 14 38 49 17 63 36 3 60 5 72 59 74
85 28 99 80 56 13 92 100 25 61 67 47 64 70 71 87 82 32 15 14 49 17 63 36 5 46 59 94 23 88
45 30 99 80 2 9 56 4 51 86 92 25 67 97 89 87 15 40 7 6 38 11 36 3 60 34 72 46 33 23 88 85
43 25 99 2 4 51 86 25 61 67 47 71 89 40 7 58 6 66 49 11 36 34 94 74 88 85 45
77 21 99 80 2 4 13 27 25 64 70 71 87 82 15 14 63 36 34 72 94 45 43
24 28 99 9 56 4 13 86 92 67 47 64 97 70 71 89 81 87 49 17 11 36 5 59 94 23 74 88 85 45
83 41 99 80 2 56 4 13 51 27 84 92 61 67 47 64 70 71 89 81 22 87 82 98 40 58 66 49 17 3 60 72 46 59 33 94 74 88 85 45 43 77 24
54 28 99 2 4 51 27 100 67 97 70 22 87 58 14 6 38 66 63 11 36 3 60 34 72 94 23 88 24 83
78 25 99 80 2 51 84 92 100 25 61 67 70 81 82 7 58 14 6 38 49 63 3 5 59 74 43
55 25 13 51 86 92 100 61 67 97 71 89 22 82 40 7 58 14 49 63 11 36 46 74 85 83 78
1 34 80 2 9 56 13 27 86 92 25 61 47 97 70 71 89 81 22 82 32 40 7 58 38 17 63 5 33 23 88 85 43 77 54 78
48 37 99 2 56 4 84 92 25 61 67 47 64 97 89 81 22 87 32 40 58 14 6 38 66 17 60 34 72 33 23 74 88 45 77 83 78 55 1
96 29 80 56 86 92 61 47 64 97 81 22 82 32 14 6 38 66 49 17 36 60 34 46 59 88 43 77 24 83 48
76 39 80 9 56 51 86 84 61 64 97 70 89 81 22 87 98 40 7 58 14 6 38 66 49 17 11 36 3 60 34 46 33 94 23 85 43 77 24 78 1
57 31 99 80 4 51 27 86 84 25 61 67 64 97 71 89 22 87 14 38 63 36 60 46 33 23 85 45 24 83 54 96 76
16 32 80 9 4 51 86 84 92 100 67 47 89 81 22 87 82 40 38 49 17 11 36 3 72 59 33 88 77 83 54 78 55 76
39 31 99 13 51 27 100 61 47 97 71 81 87 82 32 15 14 6 38 66 49 11 60 5 34 72 74 85 45 78 1 96 76
62 32 99 9 56 4 51 27 100 25 47 64 97 89 81 87 82 15 7 6 36 60 5 33 94 74 54 55 1 96 76 57 16 39
28 35 2 56 4 13 51 27 84 92 25 61 70 89 87 15 40 58 66 49 36 3 60 5 46 59 88 85 45 24 83 78 55 48 96 16 62
21 32 80 2 9 56 13 86 92 100 67 47 97 70 87 40 7 66 17 63 3 60 34 72 46 59 33 74 43 24 55 48 57 16
37 36 80 2 9 4 13 51 86 92 100 61 47 22 87 98 15 7 58 14 6 17 63 11 36 60 34 72 46 59 88 45 43 78 55 16 62 28
73 36 99 2 56 13 86 100 25 67 70 71 81 22 82 32 40 58 6 66 11 36 5 34 46 94 74 88 85 45 43 77 24 1 96 28 21 37
29 35 99 2 9 4 84 25 61 67 47 81 22 87 32 7 58 38 66 49 59 94 88 45 43 77 24 83 1 48 76 16 39 62 28 21 73
90 36 99 2 56 4 13 84 25 64 97 70 71 81 22 87 7 58 49 17 36 5 34 23 74 88 45 43 77 24 83 54 78 1 96 76 37 29
42 35 99 2 9 56 13 51 27 67 71 81 82 32 14 38 66 49 36 3 60 5 94 74 88 85 43 77 24 83 54 78 1 76 16 73 90
41 31 2 4 51 27 86 92 61 67 47 70 89 87 98 40 58 6 66 36 72 59 33 77 24 78 96 76 57 16 39 62 73
10 33 80 9 4 13 51 92 97 22 87 82 98 7 14 6 66 17 36 5 34 72 46 59 94 74 88 85 43 78 57 16 62 73 29
44 49 99 80 2 9 4 51 84 92 67 47 64 97 70 81 22 87 98 32 15 40 7 58 14 38 66 17 63 36 3 60 5 72 46 59 94 85 43 77 83 54 78 55 48 96 76 62 21 73 41
65 41 13 27 86 84 92 100 25 67 47 64 97 70 71 89 81 22 32 40 7 58 14 6 38 66 49 60 5 46 33 94 45 43 77 78 55 48 16 39 37 42 10
18 38 56 4 51 25 47 64 71 89 81 15 40 58 14 63 72 46 59 88 85 45 43 83 54 78 55 48 57 16 62 28 37 73 29 90 42 41 44 65
52 47 99 80 9 56 51 86 84 92 100 25 61 64 97 70 71 89 87 82 32 15 63 11 36 3 34 59 23 74 88 43 77 24 83 78 55 1 48 76 16 39 21 29 90 42 44 65 18
20 32 99 51 92 100 47 64 97 70 81 22 87 15 7 58 14 11 60 72 59 33 94 74 85 45 43 77 96 57 16 21 90 10
53 40 2 9 51 84 92 70 71 81 98 32 15 7 58 14 6 60 5 72 46 33 94 85 45 43 77 54 55 1 96 16 39 28 21 73 90 10 44 65 18 20
35 40 99 80 2 51 27 86 84 92 100 67 47 64 97 70 89 22 82 15 40 14 6 11 36 3 60 5 34 78 16 39 62 28 21 37 73 29 41 44 52 20
91 33 80 2 9 13 92 47 82 32 7 58 38 66 49 11 60 34 72 46 94 23 74 45 77 55 48 96 21 37 90 42 10 52 20
30 46 99 2 9 56 4 51 27 86 84 92 67 47 97 81 7 14 49 17 63 36 3 60 72 46 33 23 74 88 45 43 77 24 83 78 1 96 76 57 39 21 37 90 42 10 20 91
75 42 56 4 51 27 100 67 89 22 87 32 15 40 7 58 14 6 38 17 36 60 5 34 33 23 45 77 83 55 48 96 76 39 28 73 29 42 44 18 52 20 53 35
95 54 99 4 13 51 84 92 100 25 64 97 70 71 81 22 87 82 98 15 40 7 58 6 66 49 17 63 11 3 60 72 33 94 85 45 24 83 54 78 1 48 96 76 16 39 28 21 37 29 90 42 18 35 91 75
68 47 9 4 51 27 84 100 25 67 64 97 71 81 22 98 32 15 14 6 38 49 63 11 3 5 72 94 23 74 88 85 45 77 24 83 55 76 16 39 21 29 90 44 52 20 53 35 91
79 47 2 56 4 13 51 86 84 92 100 25 61 47 97 70 89 22 87 82 15 40 58 66 3 60 33 74 88 45 43 54 1 96 57 16 62 28 21 37 73 29 42 65 52 20 91 95 68
8 52 99 2 4 13 51 86 84 100 25 61 64 97 71 89 82 98 58 6 66 49 17 36 3 5 34 72 46 33 23 88 85 24 78 55 48 96 76 57 62 28 37 90 42 41 44 52 20 53 35 30 75 79
12 54 99 80 2 9 56 4 51 27 86 92 100 67 47 97 70 71 89 81 22 98 32 7 14 17 63 11 60 5 72 94 23 88 85 45 77 1 76 57 16 39 62 37 90 41 10 44 18 20 35 91 75 68 79 8
69 39 2 9 13 51 27 86 84 61 47 64 89 81 15 7 49 17 36 60 5 59 94 85 45 43 24 57 16 37 73 90 41 10 44 18 52 20 53 75 95
19 40 9 84 92 25 61 67 47 97 71 89 81 87 82 98 15 7 14 38 49 36 5 34 46 23 74 43 77 78 55 1 57 28 21 73 41 18 35 30 95 68
31 36 9 56 4 86 84 25 97 22 82 32 14 66 49 63 3 60 5 72 59 33 94 85 45 24 78 76 57 16 62 28 73 10 44 91 68 69
26 50 80 9 4 51 92 61 67 47 97 70 71 89 22 32 15 7 14 66 49 17 63 11 36 60 34 72 33 94 74 45 77 55 1 57 16 39 21 37 73 29 10 44 18 53 35 91 75 68 79 8
93 48 56 13 51 84 92 25 47 64 97 89 81 82 98 40 7 6 38 66 49 17 63 11 3 72 59 33 23 45 77 24 83 1 76 57 37 29 42 10 44 52 20 35 91 30 95 79 12 69
50 51 99 80 2 9 4 13 51 27 84 92 100 25 67 47 64 71 81 22 87 98 7 58 6 38 17 63 36 60 46 85 43 77 83 78 48 96 21 29 42 41 10 44 65 18 35 75 79 69 31 26 93
