100 97
2 1 1
3 1 1
5 1 1
6 2 4 5
7 2 3 5
8 1 6
9 1 6
11 1 1
12 2 1 5
13 3 2 4 12
14 2 4 5
15 2 13 14
16 3 3 12 15
17 5 1 3 5 9 13
18 4 2 8 11 17
19 5 1 4 12 15 18
20 4 2 3 4 7
21 1 19
22 3 10 14 19
23 4 3 17 20 21
24 3 10 11 16
25 7 5 6 7 11 14 16 20
26 5 5 10 17 18 25
27 1 13
28 4 5 11 23 24
29 6 7 8 10 11 16 19
30 8 5 6 10 11 12 15 20 27
31 6 1 3 10 11 13 17
32 9 4 6 8 9 12 16 18 19 31
33 7 10 12 13 15 20 24 28
34 6 4 9 10 12 14 33
35 7 4 14 19 23 25 28 30
36 7 6 7 8 10 15 29 31
37 9 10 19 22 23 25 26 28 35 36
38 7 3 4 9 10 14 26 33
39 5 4 7 8 11 13
40 7 6 10 17 21 23 30 34
41 9 1 2 3 4 12 18 20 36 40
42 8 4 5 7 17 21 22 23 36
43 8 3 4 5 11 12 13 23 32
44 9 1 6 8 16 18 21 24 36 37
45 7 1 10 15 16 22 24 44
46 9 13 16 17 26 27 32 38 42 43
47 9 2 16 20 22 26 27 33 41 46
48 10 1 2 9 11 25 27 30 31 36 38
49 8 6 7 10 12 19 26 31 45
50 15 4 6 8 11 15 17 19 20 23 24 26 32 36 37 47
51 7 2 13 19 21 26 28 42
52 7 1 7 9 19 27 31 41
53 12 2 3 9 13 24 27 28 36 39 46 48 52
54 14 2 9 11 16 17 22 30 38 41 42 43 44 45 52
55 12 2 8 9 10 11 16 17 22 31 36 49 54
56 15 5 6 9 12 13 16 20 25 27 35 37 41 43 44 48
57 9 18 19 29 30 34 38 43 47 49
58 9 2 9 23 45 47 49 51 54 56
59 11 9 16 17 21 25 28 30 43 47 49 53
60 8 10 19 21 35 41 43 47 48
61 6 21 23 32 33 34 58
62 9 12 13 16 27 29 31 41 43 60
63 13 1 9 13 22 24 32 36 38 41 44 51 53 54
64 12 5 12 19 25 29 32 38 41 42 47 49 59
65 12 4 6 15 21 26 32 34 36 48 58 61 63
66 13 12 20 23 29 34 36 40 44 47 50 53 62 65
67 15 1 8 15 23 26 27 29 30 33 38 44 49 53 62 63
68 15 4 5 10 12 14 15 36 37 39 46 51 53 56 59 67
69 14 2 10 18 30 31 32 38 40 41 42 45 52 60 61
70 19 1 2 6 8 10 12 20 22 26 27 37 48 49 56 58 59 60 61 67
71 20 3 5 13 14 16 17 18 19 20 30 33 37 38 41 49 51 54 58 60 63
72 12 2 17 22 23 26 29 37 42 47 50 61 68
73 20 1 2 3 5 11 24 26 31 33 36 41 46 50 55 59 62 63 64 66 67
74 13 1 19 22 26 35 36 37 38 40 48 55 63 66
75 15 2 6 7 9 16 27 28 33 40 41 50 53 55 60 61
76 21 4 7 15 17 23 24 25 26 28 29 30 39 41 45 47 50 53 57 59 60 65
77 18 4 6 9 15 18 19 23 26 31 34 42 44 53 55 59 61 62 75
78 19 7 16 20 21 22 30 33 34 40 43 48 49 58 65 70 71 75 76 77
79 13 1 2 6 19 21 26 28 32 47 57 62 63 70
80 19 4 7 9 13 20 29 31 34 36 42 50 54 56 60 63 66 72 73 76
81 20 2 8 10 11 15 18 21 23 26 32 37 44 49 51 59 62 63 65 73 74
82 14 1 3 27 28 38 42 50 51 60 65 66 72 74 81
83 17 2 3 6 21 26 29 32 34 35 38 42 44 50 54 60 74 78
84 10 6 7 30 38 43 59 60 63 75 78
85 17 5 11 20 21 22 23 31 37 47 52 63 66 68 73 77 82 83
86 8 5 13 18 36 39 60 70 78
87 22 3 4 5 7 12 16 18 19 24 30 33 35 38 43 44 47 51 52 60 68 70 84
88 13 1 21 35 36 42 53 66 67 69 73 77 79 85
89 18 5 10 13 14 17 26 35 37 38 39 40 44 46 48 54 57 81 84
90 15 4 19 28 29 33 36 49 50 59 65 66 67 71 84 89
91 23 1 2 5 6 11 14 15 17 18 19 22 23 32 33 35 46 47 56 64 70 73 75 81
92 15 1 8 10 13 19 22 37 38 50 62 72 74 78 80 88
93 21 9 10 11 20 26 27 31 34 35 37 39 40 45 53 57 62 67 70 73 86 91
94 23 1 3 4 5 12 18 21 27 36 37 41 43 51 53 56 61 73 74 77 79 86 88 93
95 16 1 5 9 10 32 33 34 38 41 46 54 62 71 77 81 84
96 21 5 13 15 22 24 31 33 39 44 52 55 59 63 70 71 76 79 87 92 94 95
97 21 5 13 16 17 25 28 31 35 37 41 48 58 60 65 66 74 78 80 82 92 95
98 14 3 14 22 25 36 41 45 49 52 61 63 80 82 84
99 14 3 7 32 36 43 50 61 66 73 75 84 93 94 96
100 18 1 2 4 8 14 15 17 31 35 42 50 60 65 66 71 77 92 98
