100 99
2 1 1
3 1 2
4 2 2 3
5 1 1
6 3 2 4 5
7 4 2 3 4 5
8 2 3 6
9 4 3 4 5 6
10 3 4 5 7
11 6 1 2 4 6 7 10
12 9 2 3 4 6 7 8 9 10 11
13 6 1 2 3 7 8 11
14 5 2 3 7 8 9
15 8 1 3 4 6 8 10 11 12
16 12 2 4 6 7 8 9 10 11 12 13 14 15
17 7 3 7 8 11 13 14 15
18 9 2 4 5 6 7 8 9 16 17
19 7 3 5 7 9 11 16 18
20 11 1 3 6 7 9 10 11 12 13 17 18
21 12 2 3 4 8 9 10 11 15 16 18 19 20
22 7 1 2 9 14 15 16 17
23 12 1 3 6 9 11 13 14 15 16 17 20 21
24 11 8 9 11 12 13 15 17 18 19 21 22
25 12 2 3 4 6 12 14 17 18 19 20 22 24
26 10 7 10 11 12 13 14 20 22 24 25
27 17 1 2 4 6 9 12 13 14 15 16 17 18 19 20 21 23 25
28 6 5 6 17 19 25 27
29 16 1 3 6 8 10 11 12 14 15 19 20 21 24 25 26 28
30 13 2 6 7 8 9 10 11 12 15 16 21 23 27
31 15 3 4 7 8 10 12 13 18 19 20 22 25 27 28 30
32 16 1 3 4 6 8 11 12 13 14 19 20 23 26 28 30 31
33 13 2 6 8 11 12 13 14 15 18 21 25 29 32
34 17 1 4 6 7 8 9 11 14 16 17 21 23 24 29 30 32 33
35 16 5 7 9 10 12 13 14 17 19 20 21 23 24 29 31 33
36 19 1 2 3 5 6 10 11 12 13 15 16 18 19 21 22 23 25 30 34
37 16 4 5 6 9 11 12 15 16 17 18 21 24 26 29 31 36
38 21 1 3 4 6 7 8 10 11 12 14 16 19 20 24 25 26 28 29 31 33 35
39 16 2 3 7 9 11 12 13 16 18 19 23 24 26 30 32 35
40 14 4 13 15 16 18 21 23 26 28 29 31 32 34 38
41 19 1 2 5 8 9 15 17 18 21 24 25 31 32 35 36 37 38 39 40
42 17 4 5 11 12 14 15 18 19 26 27 28 29 31 33 38 40 41
43 24 1 3 5 6 8 10 11 12 16 20 21 22 23 25 26 31 32 33 35 36 37 38 39 41
44 23 1 2 3 4 6 8 11 13 15 17 19 20 21 23 26 29 30 31 32 33 36 41 42
45 22 1 3 4 5 6 10 13 14 16 19 21 23 24 25 27 31 37 38 39 41 42 44
46 16 1 4 5 6 7 11 14 18 23 25 26 27 29 38 42 44
47 18 3 4 5 16 18 19 21 24 28 30 31 33 35 37 38 42 44 45
48 31 1 2 3 4 6 7 9 10 13 17 18 19 20 23 25 27 28 31 32 33 35 36 37 39 40 41 42 43 44 45 47
49 25 1 2 3 4 6 7 8 9 10 11 12 13 15 17 20 21 23 26 27 28 29 30 31 42 43
50 21 1 4 6 7 10 11 13 19 22 24 28 30 32 35 36 41 43 45 46 47 48
51 27 1 3 4 7 9 12 15 16 20 22 24 25 27 29 30 32 35 36 39 40 41 42 43 45 46 47 48
52 23 7 8 12 14 15 16 18 20 23 24 25 26 28 32 34 36 37 38 39 45 46 47 48
53 22 3 6 8 11 13 14 15 25 27 28 29 32 33 34 35 39 41 45 49 50 51 52
54 36 1 2 3 4 5 6 7 8 9 10 12 13 14 15 16 17 20 21 25 30 31 32 34 35 36 38 39 42 43 45 46 47 48 51 52 53
55 25 2 3 4 6 8 10 11 12 13 14 16 18 19 21 29 30 37 38 39 40 44 46 50 53 54
56 22 3 4 5 6 7 15 18 19 23 27 28 29 30 32 36 39 40 41 43 48 54 55
57 25 1 2 5 6 11 12 13 15 18 20 21 25 30 34 36 38 40 41 42 45 48 52 54 55 56
58 29 1 3 4 5 8 11 15 17 20 21 22 23 24 28 29 30 31 35 36 38 41 42 43 46 49 51 53 55 56
59 27 1 3 4 8 10 11 12 13 14 15 16 17 18 19 20 22 31 32 33 34 40 41 44 48 50 51 56
60 28 1 3 6 8 15 16 19 23 24 25 30 31 34 38 39 40 42 44 45 46 48 49 50 53 54 55 57 58
61 33 3 4 5 6 8 13 15 16 17 20 21 26 28 29 30 31 34 35 37 38 39 40 41 44 46 47 48 49 50 52 55 56 60
62 26 1 2 3 4 5 7 8 9 11 12 18 19 23 25 26 32 34 41 42 46 49 50 51 52 54 58
63 30 1 5 7 8 9 10 11 12 14 16 17 18 20 22 23 26 28 29 32 33 36 38 43 44 51 53 57 59 60 62
64 32 1 2 7 8 9 10 12 14 17 21 23 25 26 27 30 31 32 34 35 38 39 40 43 47 51 52 53 54 55 59 62 63
65 30 1 2 3 4 7 9 10 14 19 21 22 24 25 29 35 39 43 44 46 47 48 49 53 55 56 58 60 61 63 64
66 37 1 5 7 10 11 12 15 18 20 21 22 24 26 30 31 32 33 35 37 38 39 40 41 44 45 46 47 49 50 51 53 56 57 60 61 64 65
67 38 1 2 5 6 7 8 9 12 14 15 16 19 20 22 25 26 27 29 30 31 32 35 36 38 39 40 41 44 46 47 49 51 54 55 56 58 60 61
68 35 1 2 7 9 12 14 16 17 18 20 21 22 25 26 27 29 30 32 33 34 35 40 41 42 43 46 49 50 53 54 55 60 61 63 67
69 31 1 3 4 7 9 14 18 20 21 22 23 25 31 33 36 41 43 44 46 48 51 53 59 60 62 63 64 65 66 67 68
70 40 2 4 8 9 11 12 14 15 16 20 21 23 24 25 26 29 32 35 40 41 42 43 44 47 48 49 50 51 52 55 57 58 59 60 62 63 66 67 68 69
71 38 1 2 5 7 10 12 14 17 19 20 21 22 25 26 30 31 34 37 39 41 42 43 44 45 47 48 49 50 51 52 54 56 57 60 64 66 67 69
72 42 1 2 3 4 8 9 10 14 18 19 21 23 24 25 26 28 29 30 31 32 33 34 35 36 38 39 40 41 43 44 45 46 48 49 52 57 59 62 63 65 67 71
73 41 3 4 8 12 13 15 16 18 19 20 21 23 24 25 26 29 30 33 34 36 38 39 40 41 42 44 45 47 48 51 53 54 55 58 59 60 61 63 64 68 72
74 30 1 2 8 11 13 14 17 18 21 22 23 24 27 29 30 38 41 43 47 48 49 50 52 55 57 58 66 69 71 73
75 37 4 5 8 10 11 14 15 16 18 21 26 27 31 33 36 37 38 40 42 43 44 47 49 50 51 52 54 56 57 58 62 63 65 66 67 73 74
76 45 2 3 5 6 7 8 9 11 14 15 18 19 21 23 24 25 28 29 31 33 34 35 36 37 38 39 42 43 44 46 48 51 52 54 56 57 60 64 67 69 70 71 72 74 75
77 38 1 3 6 8 9 12 14 17 20 21 22 26 28 31 32 33 34 35 36 37 41 42 43 46 48 49 51 55 56 58 60 64 66 67 68 71 73 74
78 37 1 2 4 7 11 12 16 17 20 23 26 27 29 31 33 34 35 36 37 38 40 41 45 46 49 50 53 55 57 58 64 66 67 70 71 72 73
79 37 1 2 3 7 8 10 12 14 16 17 19 24 27 29 34 36 38 39 41 42 49 50 53 56 57 58 60 61 62 63 64 66 71 72 75 76 77
80 33 1 3 5 7 13 16 19 20 21 23 27 33 38 39 41 44 45 46 47 49 51 52 53 56 58 59 61 62 64 65 68 69 78
81 36 3 4 5 6 7 8 11 12 15 17 18 19 21 22 26 27 28 33 35 36 39 41 43 44 50 52 57 58 62 63 66 70 71 73 76 77
82 36 1 4 7 11 12 15 16 21 24 26 27 28 31 35 37 38 40 42 45 47 48 49 54 57 60 61 62 63 65 72 73 74 76 77 78 81
83 37 1 2 3 4 11 12 15 16 18 21 24 25 29 30 31 34 35 36 44 45 47 53 55 58 60 62 63 65 66 70 71 72 74 76 77 79 80
84 37 1 5 9 10 11 12 14 15 21 23 27 28 31 34 37 39 44 45 46 47 50 54 56 57 58 62 64 66 68 72 73 74 75 78 79 82 83
85 48 2 4 6 7 8 10 11 13 14 17 19 20 23 25 28 32 33 34 35 37 39 41 42 44 45 48 49 50 51 52 55 56 59 60 61 64 65 66 67 69 71 72 73 77 79 80 82 84
86 41 1 4 5 6 12 14 16 17 20 21 24 26 32 33 35 38 41 42 44 45 46 47 50 51 52 53 54 58 60 61 64 65 69 70 72 74 75 77 79 81 84
87 45 1 2 3 5 9 12 13 16 18 21 22 25 27 28 29 32 36 37 44 45 48 54 55 56 58 59 60 61 62 63 65 67 69 70 71 72 73 76 77 78 80 81 82 84 86
88 32 3 6 7 8 9 10 19 26 27 31 35 37 38 39 41 48 50 52 55 57 59 63 67 68 69 71 74 75 77 79 80 82
89 45 1 2 3 7 11 12 13 14 15 16 17 18 21 23 25 26 28 30 31 37 38 39 40 41 44 46 48 49 50 51 53 54 56 63 67 68 70 73 76 77 78 79 85 87 88
90 44 4 5 10 11 14 18 21 22 23 24 27 28 30 33 35 36 38 40 41 42 45 48 51 52 54 56 59 60 66 68 70 71 72 74 75 78 79 80 81 82 84 86 88 89
91 37 5 9 10 11 13 14 20 21 22 25 28 33 35 36 37 41 43 46 50 52 53 58 59 60 64 65 68 71 73 74 75 78 79 82 85 86 90
92 42 2 5 6 7 8 17 21 22 23 25 27 29 30 34 37 39 43 44 46 47 48 52 54 59 60 61 62 64 65 66 68 69 72 73 75 78 79 81 82 86 88 89
93 53 2 3 4 5 6 7 8 10 12 14 15 17 19 23 26 29 31 32 34 35 36 40 41 42 45 46 48 50 51 53 55 57 60 62 63 65 66 68 72 74 75 76 77 78 80 81 82 85 86 88 89 90 91
94 44 2 3 5 6 10 11 13 14 16 20 23 24 25 31 33 35 38 41 42 44 45 47 48 50 52 54 56 59 60 62 68 69 74 77 78 80 82 83 85 86 89 90 91 93
95 48 1 3 4 5 6 7 8 9 11 12 14 16 17 18 21 22 26 27 30 32 34 36 37 40 41 42 45 47 50 51 52 53 55 56 61 63 65 70 71 72 73 76 77 78 79 82 85 89
96 58 1 5 6 7 9 10 11 12 13 15 18 19 21 22 26 27 28 29 30 31 32 33 34 35 36 38 40 41 45 46 47 50 51 55 56 59 62 64 65 66 67 68 70 73 74 75 78 79 80 82 83 84 86 87 89 92 93 94
97 45 1 3 4 6 8 11 14 15 16 18 20 21 22 25 27 28 29 30 33 34 37 41 42 45 52 54 56 58 60 61 65 69 70 71 75 76 77 78 82 84 85 90 91 93 96
98 45 1 3 8 13 15 16 17 20 22 24 27 29 30 32 34 37 38 39 40 42 43 46 48 53 54 55 57 59 60 61 63 64 70 73 74 75 77 78 83 84 85 89 93 95 96
99 48 1 3 6 8 9 11 14 19 22 23 25 27 28 31 36 37 38 41 44 45 46 48 49 51 52 54 56 57 61 62 64 65 67 69 70 74 75 77 79 80 83 85 88 90 92 93 94 98
100 43 1 2 3 4 7 10 12 13 16 20 26 27 28 31 32 34 35 39 40 41 43 45 48 49 56 59 60 61 63 66 67 71 74 75 76 79 81 88 90 91 94 97 98
