1 10
100 200
201 210
900 1000
37790 51637
69810 76458
68891 1780
38082 17379
12865 109653
100191 76974
647425 647355
652695 652774
349085 349092
718184 718197
642268 642329
198519 198615
435268 435265
476814 476811
898821 898822
819345 819338
202265 202269
218035 218039
923035 923031
494408 494415
650065 650074
890885 890882
345163 345165
516304 516310
355573 355563
339459 339463
111274 111264
223282 223206
19039 19014
111283 111260
169301 169353
380604 380641
142924 143020
201326 201340
244729 244669
71343 71383
48912 48880
86515 86480
69828 69891
911015 911074
95993 64653
408532 408583
718850 718753
214563 214662
998102 998052
119676 119593
979303 979299
685653 685718
18496 18448
317635 317536
900835 900883
267616 267704
436014 435957
111110 111125
157177 157164
18382 18386
89475 89480
574768 574767
217596 217604
96025 22357
68876 62858
93135 15458
149572 150035
152929 147578
108187 106789
157607 141475
116841 127887
100577 100649
568794 568450
36237 35656
382047 390468
973948 981129
139176 144035
435510 437635
221993 217670
158935 161292
679496 674833
68560 68658
919527 919454
454865 454803
415090 415136
351470 351495
237950 237974
312204 312198
205323 205317
642366 642361
773458 773466
189956 189952
246790 246785
6309 6927
5918 1454
1611 2227
3403 2775
375	3396
586	734
6389 5200
4249 2331
268	893
3970 1075
4907 6769