100 98
26 0 
56 1 26 
89 1 26 
15 1 56 
87 0 
34 3 26 15 87 
83 3 15 87 34 
70 3 56 87 83 
82 4 56 89 87 83 
75 3 56 34 70 
84 6 26 15 87 34 70 82 
7 6 89 34 70 82 75 84 
16 5 56 89 83 70 82 
50 8 56 15 34 83 70 82 7 16 
64 8 89 15 34 83 70 82 84 7 
65 9 26 89 70 82 75 84 7 16 64 
80 11 26 56 89 15 87 83 70 82 75 16 50 
98 10 26 56 15 34 83 82 75 84 7 80 
27 9 56 15 34 70 75 7 64 65 98 
93 8 56 89 70 84 16 65 98 27 
39 10 56 89 15 87 75 16 50 64 27 93 
6 12 26 56 89 82 75 84 7 16 50 64 98 27 
17 10 26 56 34 82 7 50 65 80 98 6 
2 11 56 89 15 87 83 82 75 7 16 64 80 
31 14 26 89 15 87 34 82 7 16 50 64 65 93 6 17 
53 13 89 87 83 70 82 84 50 80 98 27 39 6 31 
95 13 26 56 34 82 7 50 64 98 39 6 17 2 31 
79 9 56 83 84 16 50 64 65 80 98 
45 13 26 15 87 34 83 64 65 98 27 39 17 53 95 
69 15 26 56 87 70 82 75 7 50 27 39 6 2 31 79 45 
78 19 56 15 87 83 82 7 50 64 65 80 27 39 6 2 31 53 95 79 45 
13 16 89 15 34 83 7 50 65 27 93 6 2 31 79 45 69 78 
57 11 56 87 50 64 98 27 93 39 6 2 79 
68 15 26 56 89 83 70 75 16 50 65 27 93 95 78 13 57 
62 22 26 89 15 87 83 82 75 84 7 16 50 64 65 27 93 39 6 2 31 53 79 78 
72 18 26 56 15 87 34 83 70 84 16 64 80 93 2 31 53 45 57 62 
32 20 56 89 87 83 16 80 98 27 39 17 31 53 95 79 45 78 13 57 68 62 
42 15 56 89 34 83 82 16 80 27 6 31 95 79 45 13 68 
81 19 26 56 89 15 83 82 75 64 80 98 39 6 17 2 31 45 13 68 42 
20 18 89 15 87 70 82 84 7 16 64 80 2 31 53 95 45 13 68 81 
23 20 15 70 82 75 50 64 65 80 98 27 93 39 2 31 53 79 68 62 32 42 
25 17 26 89 83 70 82 16 50 64 80 98 27 17 31 53 78 72 32 
92 24 26 56 34 83 70 84 7 50 64 98 39 6 31 53 69 78 13 57 72 32 42 81 20 23 
18 23 26 56 89 15 87 34 75 84 65 80 98 27 93 17 2 31 79 78 68 62 72 42 81 
61 18 89 87 83 82 7 16 50 27 93 39 6 53 95 68 62 72 32 23 
54 17 56 15 87 7 16 64 65 80 93 39 2 95 79 57 25 18 61 
99 23 15 34 82 84 7 64 27 39 6 2 45 69 78 13 57 68 32 42 23 25 92 18 61 
5 25 89 87 70 75 7 16 98 27 39 6 17 31 53 45 78 13 72 81 20 23 25 18 61 54 99 
67 20 56 89 15 87 34 70 84 7 16 80 98 53 79 69 78 68 72 20 25 5 
38 26 89 15 87 34 83 75 84 7 16 80 98 6 2 31 53 95 79 45 78 13 72 23 25 92 5 67 
36 27 26 89 83 70 82 75 7 50 64 65 80 98 93 17 2 53 95 45 68 32 42 20 61 54 99 67 38 
3 25 56 15 83 82 16 50 64 98 27 6 17 2 53 57 62 72 42 23 18 61 54 99 5 67 36 
76 23 26 83 70 75 50 64 65 80 98 31 95 13 62 32 81 20 23 25 92 61 99 67 38 
4 26 89 15 87 34 83 75 50 64 65 98 93 39 6 53 79 69 72 32 42 81 23 25 18 67 38 36 
48 25 15 87 34 83 70 84 65 27 93 39 2 31 53 95 45 78 13 68 62 81 5 38 3 76 4 
35 33 26 56 89 34 70 82 84 16 50 64 65 80 98 2 79 45 57 68 62 72 42 81 20 23 18 61 54 5 67 36 3 76 48 
100 34 26 56 89 15 87 34 70 75 7 16 50 64 65 27 93 17 2 95 79 45 69 68 62 32 81 20 23 61 54 99 5 67 4 48 
52 26 26 56 15 70 82 84 16 50 64 98 6 31 53 95 79 78 13 57 81 61 5 67 3 76 48 100 
91 26 56 15 87 34 70 7 64 98 93 39 45 78 13 57 68 81 25 92 61 99 38 36 3 76 4 35 
73 30 56 89 15 87 34 70 75 84 7 16 64 65 6 2 31 95 62 72 32 23 25 92 18 61 5 36 76 48 35 91 
30 24 26 34 83 70 82 75 50 64 39 31 95 45 78 13 62 32 81 23 25 92 61 5 36 73 
60 24 56 15 84 16 65 98 93 6 17 2 31 57 72 25 18 54 38 36 48 35 100 52 73 30 
12 27 26 34 82 75 84 50 80 98 93 17 2 45 62 42 20 18 61 99 67 38 36 3 4 100 91 73 60 
44 35 89 15 87 70 75 84 16 50 64 65 80 98 93 2 31 95 79 78 72 32 20 23 92 61 54 99 38 36 3 76 35 52 30 60 12 
97 34 26 56 89 15 87 83 7 80 93 39 2 53 95 45 13 57 68 72 32 42 81 20 23 25 92 18 54 99 5 38 3 52 73 30 
28 36 26 56 87 34 70 82 7 16 50 64 65 80 98 27 93 6 17 2 31 79 45 72 32 42 23 25 54 5 67 38 3 35 91 73 60 97 
11 34 26 15 34 75 84 16 50 64 80 93 39 31 53 95 79 69 78 13 57 68 72 42 25 18 61 3 48 100 52 91 73 44 97 28 
47 38 56 89 87 34 83 70 82 84 50 64 65 6 2 31 53 78 57 68 72 42 61 54 99 5 67 38 36 3 76 4 48 52 91 30 12 97 28 11 
49 37 89 83 70 75 84 50 64 80 98 93 39 6 17 95 79 45 69 78 13 42 20 23 25 92 18 54 36 3 76 100 52 91 60 12 97 28 11 
21 30 26 89 15 87 34 75 16 50 98 27 6 53 45 69 68 72 81 20 25 92 18 54 99 67 38 3 4 30 44 49 
96 36 89 87 70 84 7 16 65 80 98 31 79 45 69 78 13 57 68 62 32 42 81 20 18 99 5 67 38 36 3 76 35 73 30 60 12 47 
43 33 89 34 83 70 82 7 50 17 2 31 95 79 69 57 62 72 32 25 92 54 5 67 38 36 3 76 48 35 73 30 12 47 49 
14 40 15 83 70 84 50 64 98 27 39 17 2 31 79 69 78 57 68 62 72 32 42 23 61 54 38 3 4 35 100 52 73 12 44 97 28 11 47 21 96 43 
29 38 56 89 83 16 50 64 65 93 6 17 2 53 79 78 13 57 62 72 81 20 25 92 18 5 67 3 4 100 52 91 73 30 44 28 47 49 43 14 
40 34 15 87 83 70 82 84 16 50 64 80 27 2 95 79 69 78 68 62 72 42 20 23 92 18 61 99 76 35 52 60 97 47 49 29 
88 38 89 87 82 75 84 16 50 65 98 27 93 53 79 45 13 57 68 62 32 42 81 23 61 99 67 36 3 76 4 35 73 44 97 47 49 21 96 14 
63 36 56 89 87 83 70 82 84 7 50 65 39 6 31 53 45 78 13 57 68 62 32 81 25 99 67 76 91 73 44 97 11 21 96 43 29 40 
90 34 26 56 15 83 82 16 50 80 98 39 31 53 45 13 20 25 92 18 99 5 67 38 3 48 35 100 52 30 12 44 47 14 40 88 
55 40 56 15 87 34 83 70 82 84 7 16 50 64 80 98 93 17 53 69 32 42 81 20 23 5 67 3 48 35 100 52 91 73 44 11 49 96 14 29 88 63 
74 39 15 70 65 80 39 6 95 79 69 78 57 68 62 72 32 42 81 20 23 25 92 18 61 38 36 3 4 48 35 100 73 30 12 44 97 47 49 21 88 
22 41 26 89 15 34 83 82 75 7 50 64 80 27 39 2 31 53 13 68 62 72 81 23 92 18 61 99 5 36 3 76 4 44 28 49 21 14 29 40 88 63 74 
1 33 26 56 34 83 82 75 84 64 98 6 31 79 45 69 78 62 32 20 92 99 67 38 4 100 52 91 12 21 96 14 40 88 22 
24 45 26 56 89 87 83 70 75 84 7 50 64 65 98 93 6 17 31 79 78 13 57 62 42 81 25 54 67 3 76 4 48 100 52 91 30 12 97 28 47 14 40 88 63 90 22 
59 41 26 89 70 82 65 80 27 39 17 2 95 79 45 69 13 57 68 62 72 42 81 20 23 25 18 61 67 36 48 52 91 73 60 11 49 43 14 90 55 74 22 
94 41 26 34 83 7 80 98 39 6 17 31 95 79 69 78 13 57 68 72 42 23 92 18 54 99 5 38 36 3 48 52 91 73 11 49 21 96 14 40 88 55 22 
86 43 56 89 15 34 83 82 7 64 65 98 27 6 17 45 69 78 13 32 42 20 23 25 61 54 99 5 4 48 52 73 60 44 11 47 43 14 40 63 90 74 22 59 94 
71 46 26 83 82 75 84 16 50 93 31 45 78 13 68 62 32 23 92 61 54 99 67 38 36 3 76 4 100 60 12 97 28 11 49 21 96 43 14 40 88 63 55 22 24 59 94 86 
10 42 26 89 15 34 70 82 75 84 7 16 98 39 2 53 95 79 45 13 68 81 23 92 61 54 5 36 4 48 35 100 30 12 44 28 49 21 29 88 74 1 24 59 
51 41 89 87 34 83 75 84 64 65 98 2 53 79 69 78 57 62 72 81 99 67 3 100 91 73 60 44 97 28 47 49 21 96 43 14 88 90 55 74 22 24 86 
9 43 26 56 89 15 87 34 70 82 84 80 98 93 39 17 31 53 45 68 62 72 32 81 54 5 38 36 3 76 48 100 52 12 11 47 96 29 90 1 24 59 94 71 10 
33 50 83 82 75 84 7 65 80 93 17 53 95 79 78 57 68 62 72 32 81 20 23 18 61 54 67 38 36 3 76 48 35 100 91 73 30 97 28 11 49 96 14 40 63 90 1 24 59 94 71 51 
58 43 26 56 89 87 16 50 80 98 39 2 31 45 69 78 13 68 62 72 32 81 20 25 67 38 76 4 48 100 52 73 44 97 28 49 14 74 22 24 94 71 10 51 9 
66 48 26 56 89 87 34 70 82 7 16 50 64 80 27 6 17 2 31 79 45 69 68 72 42 20 23 61 99 4 35 100 30 44 97 28 47 96 43 29 88 63 90 55 22 1 59 71 9 58 
8 49 89 87 34 83 70 84 16 50 64 31 95 79 45 78 13 68 42 81 20 92 18 61 99 5 67 38 3 48 35 91 73 30 12 44 97 28 11 96 90 55 74 22 1 59 94 86 9 33 58 
46 53 15 83 70 7 50 65 27 6 17 31 95 79 69 78 57 68 62 81 23 25 92 18 54 5 67 36 3 76 4 48 100 52 91 73 12 44 28 11 49 29 40 55 74 1 24 59 71 10 51 9 58 66 8 
37 48 26 56 15 83 75 50 64 80 27 93 39 6 2 53 79 78 13 57 68 32 42 20 92 61 5 67 38 48 35 60 12 44 28 11 96 43 29 40 63 55 22 1 24 94 71 10 9 33 
41 43 26 89 87 75 84 65 98 27 93 17 31 53 45 69 57 68 23 25 18 61 99 67 36 3 48 35 73 30 12 29 40 88 63 55 74 59 94 10 58 66 8 46 37 
85 48 26 56 15 34 83 84 16 50 64 80 27 93 6 2 53 69 57 62 72 32 81 20 23 54 5 67 38 36 4 48 100 73 30 12 28 49 21 96 29 63 55 22 59 10 58 66 37 41 
19 54 26 56 89 15 34 83 70 75 7 16 64 65 98 39 6 31 69 13 68 62 72 32 20 23 18 61 54 5 38 35 91 60 12 97 11 49 96 29 40 88 63 55 74 22 1 24 59 94 10 9 33 46 37 41 
77 43 15 70 75 7 65 39 6 17 2 95 79 78 13 57 68 72 32 20 36 3 48 91 12 44 97 28 47 14 29 88 63 22 1 24 59 94 71 10 33 58 8 37 85 
