92 68
32 5 6 10 13 21 24 
33 8 5 9 10 12 13 14 16 23 
90 26 2 3 5 8 14 15 21 26 30 31 34 35 36 42 43 48 53 55 58 61 62 63 66 70 72 76 
63 18 8 20 24 27 32 33 34 35 39 40 46 48 49 51 52 53 54 57 
71 12 20 23 25 27 30 35 43 46 51 55 56 60 
80 21 5 10 12 16 19 20 23 24 25 28 32 35 36 46 48 49 58 59 61 62 63 
26 4 4 12 14 15 
72 21 2 5 7 14 20 23 28 30 31 32 33 39 40 43 47 51 54 56 58 64 65 
44 6 1 5 10 14 19 21 
55 19 3 8 9 11 18 19 20 25 26 29 30 31 34 37 40 43 44 45 47 
84 27 2 4 7 9 12 18 19 20 22 23 24 28 31 34 38 42 43 47 56 58 62 64 69 70 75 79 80 
74 25 3 6 7 9 12 14 16 17 18 22 24 26 27 31 37 40 43 45 48 55 57 59 63 68 69 
27 7 3 5 11 13 14 16 22 
57 12 6 10 15 16 19 24 25 29 31 32 33 36 
61 17 5 6 15 22 23 27 31 37 39 43 49 50 51 54 57 58 60 
92 20 3 4 7 9 11 12 18 42 44 45 51 52 61 64 66 71 73 77 83 89 
89 23 4 5 13 16 21 27 34 35 36 42 44 50 53 56 59 63 65 68 70 71 80 81 82 
31 6 4 15 16 19 21 23 
35 11 1 2 4 10 13 15 17 21 22 23 24 
91 28 3 11 16 18 19 22 24 32 35 36 38 40 41 46 55 59 60 63 66 67 69 73 74 76 78 81 85 89 
78 25 2 3 5 6 7 8 9 19 24 27 30 31 32 33 34 38 39 42 46 55 56 57 62 63 71 
48 17 3 5 6 9 10 11 12 14 21 29 31 32 33 34 38 41 47 
87 26 10 13 21 24 25 29 30 31 33 35 40 44 45 47 50 52 55 56 59 60 64 69 70 73 78 82 
77 19 2 3 5 7 10 14 23 26 27 34 45 48 58 59 60 61 69 70 73 
65 13 3 7 10 11 24 25 26 31 44 45 52 53 58 
29 9 4 5 7 11 13 17 21 22 23 
50 11 4 5 10 24 25 26 28 31 37 46 47 
39 6 3 12 13 14 15 19 
64 15 3 8 15 18 19 24 26 34 39 42 44 47 48 55 60 
58 12 6 8 12 16 20 28 31 33 35 37 38 41 
41 7 4 13 14 16 18 20 23 
81 19 2 8 11 14 24 27 35 36 38 42 43 44 45 47 60 62 64 66 69 
52 20 3 7 8 10 11 15 19 24 25 29 31 33 34 35 36 38 40 42 43 45 
60 10 12 13 21 23 28 35 37 38 41 45 
56 15 6 10 11 17 19 21 23 26 28 31 37 38 39 44 47 
73 21 2 5 15 17 25 27 33 39 40 42 44 46 48 49 53 56 58 59 62 67 70 
66 22 3 9 10 11 14 16 17 26 28 33 34 36 39 40 41 44 46 47 52 53 54 58 
45 9 5 7 9 10 11 13 15 17 24 
86 21 2 15 18 22 28 29 39 41 44 45 47 49 54 62 67 68 69 70 74 77 82 
76 27 5 6 8 13 15 17 19 21 22 25 26 28 29 35 41 44 48 49 52 53 57 58 61 62 63 64 70 
62 20 1 3 5 8 9 17 19 23 25 26 28 30 33 34 40 42 47 52 55 59 
54 16 1 5 6 10 12 15 19 22 23 27 28 35 38 39 40 45 
67 21 3 4 5 14 15 17 19 23 31 32 33 40 42 43 46 49 51 52 56 58 60 
70 10 16 17 19 22 29 33 38 51 55 58 
68 11 1 2 5 10 11 20 26 34 35 56 59 
88 24 8 9 10 11 13 19 21 24 25 28 29 37 38 39 42 44 49 51 54 60 69 74 77 81 
30 7 3 5 6 8 10 14 16 
82 23 2 11 14 17 20 23 24 25 35 39 45 52 54 55 57 59 64 67 68 70 76 79 81 
25 6 6 10 13 16 20 21 
28 8 3 5 6 13 14 15 19 22 
40 1 16 
75 19 2 9 10 14 18 25 29 31 37 44 45 49 52 55 61 63 66 69 73 
83 22 2 13 16 22 24 25 27 29 30 39 44 50 54 60 63 65 70 71 73 74 78 81 
59 10 9 20 28 32 33 38 39 41 46 47 
69 22 1 3 4 7 9 10 13 16 18 19 22 27 34 35 40 42 43 44 49 51 57 58 
49 15 1 2 6 7 8 14 21 26 27 29 31 35 38 39 45 
53 13 5 6 8 11 18 19 21 30 35 39 43 44 46 
79 27 1 2 8 9 10 14 20 21 22 27 31 35 45 46 49 50 51 52 54 55 58 61 62 63 64 67 72 
42 8 6 7 12 16 17 18 19 21 
46 8 2 9 11 13 15 20 21 23 
85 31 3 6 8 9 12 16 17 20 23 25 26 28 33 36 38 40 45 49 53 54 55 58 60 64 65 68 72 74 76 77 82 
36 10 4 5 10 12 14 15 18 19 23 24 
51 19 4 5 6 7 12 15 16 17 21 22 25 26 28 33 36 38 40 42 45 
47 10 1 5 6 8 10 14 16 18 19 23 
38 7 6 11 12 14 15 18 22 
34 7 2 7 9 13 16 18 21 
37 10 4 8 10 12 14 15 18 19 20 21 
43 7 9 11 13 17 20 21 22
