60 50
7 1 6 
8 1 7 
9 1 8 
11 3 1 3 6 
12 3 60 3 4 
13 3 2 4 9 
15 3 3 4 9 
16 2 7 9 
17 3 2 4 13 
18 1 2 
19 1 5 
20 1 12 
21 2 3 14 
22 3 1 5 18 
23 4 1 8 10 22 
24 3 21 22 23 
25 4 1 9 10 20 
26 2 17 19 
27 4 3 8 22 25 
28 7 5 10 12 14 15 18 23 
30 1 5 
31 4 3 14 19 22 
32 2 9 22 
33 3 15 21 30 
34 3 60 9 10 
35 3 12 20 23 
36 5 1 6 12 20 23 
37 3 10 26 35 
38 4 18 25 28 30 
39 1 9 
40 3 24 30 32 
41 5 6 7 16 26 37 
42 6 16 18 20 21 28 40 
43 3 14 20 29 
44 6 5 7 15 22 29 32 
45 8 3 6 10 18 24 26 32 35 
46 4 18 29 31 37 
47 4 5 11 27 42 
48 6 60 5 39 40 43 47 
49 5 7 8 43 44 45 
50 5 6 10 12 43 45 
51 4 8 30 38 42 
52 6 9 16 34 44 45 49 
53 8 60 8 19 26 29 38 43 46 
54 7 3 19 33 37 39 45 47 
55 3 17 32 42 
56 7 5 14 20 24 40 49 50 
57 7 9 12 17 24 33 38 48 
58 7 14 24 29 35 41 45 53 
59 5 15 17 26 35 37 