62 56
1 9 48 60 42 43 36 44 40 37 45
2 4 21 20 60 42
3 5 38 60 41 39 43
4 8 21 60 41 16 57 36 26 5
5 7 17 2 57 34 36 40 15
6 2 60 2
7 7 38 21 57 43 40 45 53
9 10 8 38 48 20 12 36 44 3 40 53
10 11 17 60 16 34 39 43 44 26 53 5 33
11 9 38 42 57 12 39 40 15 26 33
12 2 21 57
13 6 38 48 17 41 2 37
14 10 17 21 60 57 6 12 36 44 3 45
15 3 17 36 40
16 4 48 17 21 41
18 6 48 16 12 3 15 53
19 10 48 17 60 2 16 44 15 37 5 33
20 1 38
22 6 8 21 12 43 44 5
23 8 17 57 6 34 36 15 45 33
24 8 48 17 42 57 3 15 26 5
25 6 8 38 41 57 43 40
26 5 42 57 43 36 44
27 8 38 21 57 6 39 3 40 15
28 10 8 17 21 20 57 39 37 45 5 33
29 4 39 43 3 45
30 13 38 17 21 57 6 34 12 43 44 40 26 37 5
31 8 38 57 12 3 26 37 53 33
32 7 17 60 39 36 3 15 33
33 8 17 60 42 2 6 39 26 53
34 3 17 21 2
35 9 48 17 20 57 12 44 40 26 37
36 2 38 20
37 6 38 60 34 39 43 44
39 2 21 20
40 7 17 60 2 57 12 44 3
41 3 8 21 60
42 2 20 41
43 5 38 48 20 2 12
44 4 17 21 41 16
45 8 38 6 43 36 40 15 26 37
46 4 38 41 42 57
47 12 38 48 20 60 41 16 6 34 12 39 37 53
49 9 8 21 42 34 12 39 40 45 53
50 5 42 39 36 15 26
51 9 20 60 16 34 12 44 40 15 45
52 10 38 17 21 2 6 12 43 37 53 33
53 6 17 20 60 2 34 26
54 8 48 17 20 39 43 44 3 15
55 10 38 21 60 2 34 12 39 43 40 5
56 3 60 15 33
57 5 8 38 21 41 2
58 7 17 21 2 6 39 44 15
59 5 17 20 41 12 33
60 1 20
61 10 41 2 6 34 36 3 45 53 5 33
