100 98
43 1 26
22 2 26 43
60 4 26 43 40 22
96 2 43 60
70 4 26 40 60 96
33 3 43 96 70
2 4 40 22 60 70
93 5 22 60 96 33 2
90 3 96 33 2
28 4 60 96 33 90
65 8 26 43 40 60 96 2 93 90
87 7 96 70 33 93 90 28 65
3 2 96 65
30 9 26 22 60 96 70 93 28 65 87
88 8 26 43 96 70 93 90 28 3
13 6 22 70 2 93 90 28
79 10 26 60 96 2 90 28 65 3 30 88
61 7 43 40 96 70 33 2 88
86 8 43 22 33 93 28 30 88 61
54 10 40 22 60 70 33 28 3 88 13 79
63 10 40 22 70 2 93 28 65 13 79 86
62 5 26 2 3 61 63
29 12 43 96 2 93 28 3 13 79 61 54 63 62
16 14 26 22 60 70 33 90 28 65 3 30 13 61 86 62
81 13 26 22 60 96 70 33 93 90 28 13 86 54 62
9 15 26 60 96 70 33 2 93 90 65 87 3 30 79 86 63
83 15 43 40 22 96 70 33 93 28 87 13 79 61 54 29 81
52 14 43 22 60 96 70 90 28 65 79 61 54 62 29 16
71 17 43 40 60 96 65 87 3 30 88 13 79 61 54 29 16 9 52
85 20 26 43 40 60 70 2 90 28 65 87 13 61 63 62 16 81 9 83 52 71
34 13 60 33 93 28 88 79 54 63 62 16 9 71 85
1 18 26 43 40 96 70 33 2 93 28 79 54 63 62 16 81 9 52 71
41 21 26 43 22 60 96 70 2 93 90 28 65 3 30 13 79 54 63 62 16 83 85
10 20 26 43 40 60 2 93 65 3 88 79 86 54 29 16 83 52 85 34 1 41
36 22 26 43 60 70 33 90 28 87 30 13 79 61 86 29 16 83 52 71 85 34 41 10
37 22 70 33 93 90 28 65 30 88 13 79 61 54 63 16 9 83 52 71 85 1 41 36
47 16 40 33 93 28 65 87 3 30 88 13 61 86 54 85 34 1
91 22 26 60 70 33 90 28 65 88 79 61 86 54 63 16 81 83 52 71 85 1 10 47
44 22 26 22 60 96 70 33 65 87 88 79 61 63 62 81 83 52 71 34 10 36 47 91
48 22 40 70 33 93 90 65 87 3 30 88 61 54 62 29 16 83 85 1 36 37 47 91
7 20 26 40 96 33 93 28 65 88 13 79 54 63 29 16 81 83 52 34 37 91
39 20 26 60 70 33 2 90 65 3 13 79 86 29 83 52 34 37 47 91 44 7
38 18 26 43 22 60 70 33 28 3 61 86 54 9 83 52 71 36 37 47
72 22 26 43 60 70 2 65 88 13 79 63 62 16 81 52 71 85 1 36 47 48 7 39
80 22 43 40 96 70 33 2 93 90 65 88 13 61 54 62 71 85 41 10 91 39 38 72
68 24 26 22 60 2 90 28 65 88 13 86 63 29 9 83 52 71 34 36 37 91 48 39 72 80
76 23 22 70 33 90 28 65 87 88 13 86 9 83 52 71 85 34 41 47 44 48 7 72 68
51 31 43 22 60 70 33 2 93 90 28 87 3 30 88 13 79 86 63 62 29 16 81 85 34 1 41 10 7 39 38 72 76
46 26 40 93 3 30 88 13 79 86 54 63 81 9 83 34 1 41 36 37 47 91 44 48 39 38 72 76
69 25 26 22 33 2 93 28 65 13 79 63 62 29 81 9 83 52 85 41 36 37 47 91 38 68 46
23 23 43 40 60 70 93 28 65 30 13 86 29 16 52 71 1 41 10 47 91 48 38 51 69
27 28 26 96 70 33 93 87 30 13 79 61 86 54 29 16 9 83 52 71 85 1 41 36 48 7 39 38 80 69
49 26 26 40 96 70 33 90 65 30 79 54 29 81 83 52 34 1 37 47 44 48 7 72 76 51 69 27
42 27 43 40 60 33 2 90 28 65 3 30 13 61 63 29 16 9 83 52 34 41 47 44 48 39 68 27 49
45 26 43 40 96 93 90 65 3 79 86 54 9 83 52 85 34 10 47 44 7 68 51 46 69 27 49 42
78 29 26 43 60 33 2 93 90 61 54 62 29 81 83 85 1 10 37 44 48 38 72 76 46 69 23 27 49 42 45
8 30 26 60 93 90 65 3 13 61 54 63 62 29 16 9 83 71 1 36 47 44 48 7 38 80 68 76 46 69 27 42
31 30 26 43 60 96 33 90 65 88 61 62 29 16 9 83 52 71 85 41 36 37 47 91 44 72 80 68 51 69 42 78
14 31 26 43 40 60 2 90 28 3 88 13 61 54 63 62 81 52 85 41 10 36 91 7 38 72 80 51 27 42 45 78 31
67 30 60 96 70 33 93 28 65 3 30 13 61 86 54 29 9 71 85 34 1 36 44 38 80 68 46 27 49 45 78 31
6 27 26 40 22 60 70 33 65 87 3 79 54 62 52 10 36 91 44 48 7 38 51 46 69 49 42 45 67
12 38 26 40 70 33 2 90 87 3 30 62 29 16 83 52 85 34 1 41 10 36 37 47 91 38 72 80 68 76 51 69 23 45 78 8 31 14 67 6
25 34 26 43 40 22 60 70 33 2 28 65 3 30 61 86 54 62 29 16 81 9 83 1 10 44 48 7 39 38 72 49 42 78 8 14
18 34 26 40 60 90 65 30 79 86 54 63 62 16 9 52 85 34 41 10 36 44 7 72 68 51 46 23 27 49 42 78 8 31 67 12
92 45 26 40 22 96 2 93 65 87 3 30 88 13 61 86 54 62 29 81 9 52 71 85 34 1 36 37 47 91 44 7 39 80 76 51 46 69 23 42 45 78 8 14 67 12 18
94 34 60 96 33 2 93 90 65 30 13 61 54 62 29 83 52 71 85 1 41 36 37 47 7 39 38 72 23 27 78 8 31 12 25 18
64 30 26 22 60 33 2 90 65 30 88 81 9 83 52 34 1 10 36 47 48 38 72 68 46 69 42 45 8 14 67 94
74 37 26 40 22 70 33 2 93 90 3 30 13 79 54 63 29 9 52 71 85 34 10 36 47 91 39 72 80 46 27 49 42 31 14 6 12 94 64
97 38 26 43 40 22 96 70 93 87 30 13 61 86 54 63 9 71 85 1 10 36 37 44 48 7 38 72 80 76 46 69 49 42 31 67 12 25 18 64
53 37 43 22 60 70 33 2 65 3 79 86 54 63 29 81 83 52 71 34 1 41 10 36 47 44 48 39 72 80 76 69 23 45 78 14 25 18 74
100 33 26 40 22 96 70 33 93 90 28 3 79 54 16 81 71 1 10 36 91 44 7 72 80 68 46 23 42 45 78 8 14 12 18
95 30 22 70 93 87 3 88 13 54 62 29 16 83 71 34 41 44 48 68 76 46 27 45 31 14 12 18 92 94 53 100
19 38 43 22 60 96 2 30 88 13 86 54 29 81 83 52 85 34 36 7 39 72 80 68 76 51 23 27 49 42 45 14 67 6 25 64 74 97 100 95
24 35 70 33 2 28 65 87 88 86 63 62 29 16 83 52 71 34 1 36 47 44 7 39 38 80 23 49 78 31 67 6 12 92 94 95 19
4 33 26 43 40 60 33 28 65 30 88 79 61 86 54 63 62 9 83 71 34 10 7 39 38 68 76 42 31 6 25 97 95 19 24
35 38 26 60 33 65 30 88 13 79 54 63 62 29 16 81 83 71 85 41 10 36 44 48 80 68 76 27 49 45 78 14 67 12 18 92 64 97 95 19
11 39 26 43 60 33 2 90 28 65 13 79 61 86 54 63 62 29 71 85 34 1 41 36 47 44 7 51 23 27 78 31 14 6 25 18 94 97 95 19 4
98 38 60 2 93 90 65 30 88 54 63 62 16 9 52 71 1 41 10 36 37 47 44 39 68 51 46 23 78 8 67 6 18 94 64 100 19 4 35 11
20 40 26 40 22 60 96 33 90 28 65 3 88 61 86 63 29 16 81 9 52 71 85 34 36 47 91 72 80 23 27 49 78 8 14 67 6 12 25 97 4 11
57 39 26 43 60 33 93 28 65 87 88 61 86 62 29 16 9 83 85 34 41 36 47 91 44 48 7 39 38 46 27 49 67 12 25 18 92 74 100 95 20
75 38 26 60 2 90 28 65 3 30 88 86 54 63 29 16 81 83 52 85 1 36 37 91 44 48 38 72 80 51 46 27 49 12 97 19 24 11 98 57
21 42 26 43 22 60 70 33 93 90 28 65 87 3 30 86 54 62 16 9 71 34 1 41 10 36 44 48 72 68 23 49 45 78 31 67 18 92 97 95 11 98 20 75
5 40 43 40 22 96 33 2 93 65 87 30 88 86 54 62 52 41 36 44 48 39 38 72 80 68 76 51 78 8 14 67 12 18 92 74 53 95 24 11 20 21
56 38 40 70 93 90 3 13 79 61 62 81 83 52 34 47 7 38 72 80 76 51 46 27 49 45 78 8 31 12 18 64 74 97 100 95 4 11 98 57
66 41 26 43 22 60 70 87 88 79 86 54 29 81 9 85 34 1 41 37 48 38 72 80 69 49 42 45 31 14 67 12 25 92 94 64 97 53 100 95 19 57 75
32 46 26 43 96 33 2 90 65 30 13 86 63 16 81 83 52 34 1 10 37 47 91 48 80 68 76 46 69 23 27 49 42 78 67 6 12 18 92 94 64 74 97 100 19 4 11 21
84 49 43 40 22 60 70 33 2 93 65 3 30 88 13 61 86 54 16 81 9 85 34 36 91 44 48 7 39 38 72 76 51 46 23 49 78 31 14 67 25 94 74 97 100 95 4 98 21 56 66
89 47 43 40 22 60 33 2 90 28 30 13 79 61 86 63 16 81 83 52 85 34 41 44 7 38 68 69 42 78 8 31 14 25 18 94 64 74 97 100 19 24 4 35 98 57 21 5 56
73 46 60 96 90 87 88 13 79 86 54 63 81 9 83 71 34 1 41 10 91 44 39 38 80 76 51 46 27 49 42 45 8 67 6 18 94 64 74 97 53 100 24 35 11 98 21 89
15 38 40 22 60 30 88 79 61 86 54 29 16 81 52 71 85 1 41 36 47 48 38 72 51 23 27 42 45 31 25 64 97 53 100 20 57 21 84 89
82 40 26 43 40 60 96 28 88 13 79 86 54 62 9 83 52 85 34 36 47 91 44 7 68 76 46 23 45 31 14 18 92 64 97 100 95 19 35 20 75 84
77 45 26 40 22 60 93 28 87 3 30 88 79 61 86 54 62 16 9 85 10 37 47 91 44 76 51 69 23 27 42 14 6 18 92 74 97 53 19 24 20 75 5 66 89 73 82
55 48 26 22 2 28 87 3 88 79 86 54 63 29 81 9 83 52 34 41 10 36 37 91 44 48 7 39 38 68 76 51 46 23 27 42 78 31 6 12 25 97 100 35 98 20 57 56 73 82
58 48 43 40 22 60 70 33 2 93 90 65 87 3 30 13 79 86 62 29 16 81 83 71 85 36 37 91 48 69 23 27 14 67 6 18 92 94 100 95 24 4 11 57 75 5 66 32 89 15
50 44 26 40 33 93 65 3 13 79 61 62 29 9 83 85 34 37 47 91 7 38 68 76 69 49 78 67 25 74 97 53 19 24 11 98 20 75 21 56 66 32 84 73 77 58
17 43 22 60 96 70 2 93 90 30 88 13 61 16 83 71 37 44 39 68 76 42 45 78 31 67 25 18 64 74 97 53 100 19 24 4 35 11 5 56 32 84 73 15 82
99 56 40 60 33 2 93 90 28 65 3 88 79 61 86 54 63 62 16 81 9 85 41 37 47 91 44 48 7 39 72 68 69 23 45 78 67 6 12 25 92 74 97 53 100 95 35 98 20 75 66 84 73 15 77 55 58 50
59 47 40 22 33 93 90 28 3 88 79 63 62 29 9 1 41 10 37 91 48 38 72 68 51 69 45 78 31 67 12 25 18 92 94 100 19 24 35 98 20 75 5 56 66 32 82 77 55