100 99
32 21 66 35 99 97 64 87 80 17 37 95 62 84 16 98 82 77 65 38 79 45 74
29 21 51 67 59 72 56 61 94 36 70 5 71 21 39 49 63 76 44 33 69 23 55
59 9 72 21 49 47 81 69 76 63 56
88 1 9
68 12 97 38 80 66 98 16 77 30 99 83 3 64
95 5 30 99 80 27 77
54 22 74 66 65 38 98 35 32 95 83 3 80 52 30 77 64 82 68 37 97 27 16 84
6 2 34 61
96 12 71 6 49 69 56 34 11 94 73 81 63 61
82 11 83 27 98 80 35 79 68 97 37 16 17
35 1 9
72 4 69 6 47 34
87 20 37 66 26 77 27 98 35 65 17 82 84 64 3 68 97 62 30 83 38 99
11 3 34 49 56
55 11 11 81 76 49 47 71 69 72 34 73 56
20 9 12 86 15 19 41 46 43 13 10
45 15 77 95 17 52 79 83 62 68 30 66 98 84 27 26 38
77 1 35
81 6 49 76 69 34 61 56
23 23 94 39 69 61 70 36 81 49 33 59 5 6 56 76 55 34 63 47 21 73 8 42 24
100 95 91 22 65 29 78 54 31 37 99 14 41 82 69 3 15 38 70 6 88 87 45 30 77 98 73 48 83 2 58 60 43 80 32 53 36 27 28 16 76 74 94 13 84 7 61 66 49 72 17 68 90 86 95 34 59 62 89 47 93 39 20 55 9 10 24 71 44 67 12 21 46 56 26 52 18 64 5 42 35 19 63 33 40 4 11 96 97 23 8 81 51 57 79 92 85
26 13 30 3 79 82 77 37 68 64 35 95 99 17 66
37 6 95 77 35 99 30 16
27 2 77 79
79 2 77 35
21 10 81 76 34 71 6 72 49 61 94 56
14 21 59 44 67 55 8 61 6 42 21 76 94 69 71 51 39 24 36 73 47 96 72
60 3 86 43 31
49 4 47 6 61 69
8 21 49 96 56 33 55 94 44 34 71 69 81 5 59 76 47 72 36 39 6 11 24
65 19 97 79 95 82 37 77 30 74 64 35 3 38 80 52 26 62 27 68 84
76 9 61 56 94 11 49 6 47 72 34
53 25 83 68 99 79 17 32 27 52 82 54 62 4 66 58 97 84 18 3 35 65 16 74 98 64 80
31 4 43 19 13 10
42 18 33 47 24 76 71 6 39 36 70 94 34 96 59 73 67 69 56 55
97 10 98 16 80 95 79 38 52 99 35 37
93 10 86 40 20 48 46 60 12 10 78 31
52 6 95 79 16 35 80 37
67 13 69 76 34 49 6 63 56 94 21 33 47 73 11
1 99 94 84 75 19 27 93 60 70 13 32 86 38 63 21 25 53 44 15 2 59 48 92 87 68 57 6 8 96 35 95 11 100 88 20 5 17 65 37 54 64 85 24 40 71 3 97 90 82 69 49 41 72 77 51 79 22 98 67 58 74 18 45 73 66 7 47 16 43 55 14 26 61 36 4 50 39 46 12 78 31 89 42 10 23 33 30 76 62 29 9 28 83 99 80 52 81 56 34 91
33 13 47 21 81 34 49 72 76 61 56 63 73 71 94
89 1 88
63 12 76 34 69 61 55 6 81 94 56 47 72 49
10 1 9
84 16 68 74 97 38 82 98 37 26 30 64 3 66 62 77 99 16
40 2 10 13
66 8 37 38 27 64 95 79 30 77
41 7 19 40 15 46 86 31 43
36 14 21 6 49 44 33 34 73 55 56 96 63 76 11 72
51 20 49 8 39 76 55 94 85 69 24 21 42 44 70 71 56 6 5 11 36 59
47 1 9
22 13 20 40 15 2 41 57 12 60 31 13 19 86 46
80 2 99 35
58 23 79 17 38 54 37 82 80 77 87 32 95 74 26 68 99 45 98 27 16 3 84 30 4
57 9 78 40 43 46 86 13 60 10 48
78 6 12 41 31 46 10 19
86 5 10 43 40 31 19
17 10 35 83 3 27 52 98 95 30 64 99
16 5 99 77 79 35 95
12 4 31 19 40 43
39 20 33 67 34 71 36 81 5 47 11 6 69 49 94 56 44 21 76 73 61 72
69 4 61 6 47 34
7 25 82 64 32 30 99 66 27 98 54 84 35 38 37 16 62 74 68 4 58 3 26 80 97 65 45
50 95 87 56 7 62 66 65 22 55 40 94 83 36 52 34 78 46 16 35 74 63 12 51 89 23 47 2 13 57 92 49 42 60 68 41 98 69 30 71 61 81 3 70 4 39 82 21 20 91 33 90 43 24 88 97 67 10 11 77 29 59 18 17 48 28 85 64 45 54 14 37 72 53 93 5 27 58 32 95 73 8 44 31 76 9 26 80 99 96 19 6 84 86 79 15 38
71 7 56 11 69 94 61 76 73
28 12 10 13 86 2 43 31 93 22 60 57 40 12
34 1 47
91 1 90
73 5 47 56 34 69 6
48 12 10 20 41 40 46 86 60 78 31 43 13 12
98 10 66 52 16 38 77 83 99 35 3 80
43 3 40 13 10
44 12 34 69 63 73 56 96 55 94 6 11 72 47
18 18 68 16 30 35 27 26 74 83 80 3 79 66 84 17 95 64 87 37
46 6 10 13 43 19 12 40
61 1 47
19 2 43 13
74 15 64 16 99 3 62 52 30 95 37 38 82 83 27 97 68
83 11 30 79 99 80 16 27 95 38 64 3 35
75 95 72 98 42 89 81 94 20 63 26 12 53 19 58 66 76 96 48 44 47 99 65 90 49 10 69 88 97 92 21 77 4 39 46 15 7 41 78 11 18 91 40 34 67 32 3 45 14 27 36 38 57 86 33 60 16 64 82 54 85 28 73 71 70 95 9 79 2 8 61 80 51 29 68 13 55 62 93 23 35 74 6 22 30 31 56 87 37 24 43 59 17 52 84 5 83
3 9 95 64 79 80 27 16 77 37 52
5 19 34 47 96 36 76 71 49 44 63 6 73 61 81 11 33 56 69 55 94
56 4 47 6 72 69
30 4 35 77 79 99
24 15 61 36 59 76 21 34 44 67 94 6 33 11 69 73 5
99 4 35 27 79 77
92 1 91
4 17 16 99 32 68 95 37 82 80 74 26 98 87 84 66 64 79 62
25 95 14 33 63 46 17 99 15 23 59 12 8 54 55 18 4 5 92 97 37 66 85 16 88 22 2 95 80 30 62 6 79 94 45 32 74 21 57 51 68 34 60 86 26 81 47 44 87 52 48 77 39 24 10 53 40 89 36 70 42 71 3 58 7 43 13 84 91 76 11 90 83 69 19 9 20 41 56 93 72 67 78 61 49 29 27 28 64 65 31 35 82 96 38 73 98
90 1 89
85 18 24 67 71 72 55 69 11 76 70 81 94 44 61 96 59 39 8 73
13 1 10
94 6 34 72 73 69 49 47
64 7 95 30 77 79 80 99 27
2 12 57 10 41 40 20 31 86 78 12 43 13 48
38 5 77 27 79 35 99
62 11 99 64 3 80 97 16 17 37 30 35 52
15 6 40 19 31 10 13 43
70 18 21 33 24 11 55 39 81 44 56 34 63 94 67 5 73 6 8 69
